nohr_prince,15,15,10,10,10,10,10,5
nohr_noble,15,10,15,5,15,5,5,15
cavalier,10,15,0,10,10,15,10,5
paladin,10,15,0,10,10,15,10,10
great_knight,20,20,0,10,5,5,20,0
knight,20,20,0,15,5,10,20,0
general,25,20,0,15,0,10,20,5
fighter,20,20,0,15,15,5,5,0
berserker,30,25,0,15,15,0,0,0
mercenary,10,15,0,20,15,5,10,5
hero,20,15,0,20,15,5,10,0
bow_knight,10,10,0,15,15,10,0,10
outlaw,0,10,5,10,20,0,0,20
adventurer,0,5,15,5,20,0,0,20
wyvern_rider,10,15,5,10,10,5,20,0
wyvern_lord,10,15,0,15,10,5,20,0
malig_knight,0,15,15,10,5,0,10,15
dark_mage,0,10,20,0,10,0,5,10
sorcerer,0,0,25,0,10,0,5,15
dark_knight,15,20,10,5,5,5,15,5
troubadour,0,0,10,20,10,15,0,15
strategist,0,0,15,5,10,20,0,15
maid,0,10,10,15,15,10,5,10
butler,0,10,10,15,15,10,5,10
wolfskin,20,20,0,5,15,5,10,0
wolfssegner,20,20,0,5,15,5,10,0
hoshido_noble,15,15,10,10,10,10,15,0
samurai,10,10,0,15,20,15,0,10
swordmaster,10,10,5,15,20,15,0,10
master_of_arms,20,15,0,10,10,10,10,0
oni_savage,20,20,10,0,10,0,20,0
oni_chieftain,10,20,15,0,10,0,20,5
blacksmith,20,15,0,15,10,5,15,0
spear_fighter,15,15,0,15,15,5,10,5
spear_master,15,15,0,15,15,5,10,5
basara,20,10,10,10,10,15,5,10
diviner,0,5,15,10,15,5,0,10
onmyoji,0,0,20,10,15,0,0,15
monk,0,5,10,10,15,15,0,20
shrine_maiden,0,5,10,10,15,15,0,20
great_master,10,15,5,5,15,15,10,10
priestess,10,10,10,5,15,15,0,20
sky_knight,0,10,0,10,15,20,0,20
falcon_knight,0,10,10,10,15,20,0,20
kinshi_knight,0,5,0,15,15,15,0,15
archer,10,15,0,15,15,5,10,0
sniper,10,15,0,20,15,5,10,0
ninja,5,5,0,20,20,0,5,15
master_ninja,5,5,0,20,20,0,5,20
mechanist,10,10,0,15,10,5,5,15
apothecary,20,20,0,10,10,5,10,5
merchant,20,20,0,10,5,15,10,5
kitsune,10,10,0,15,20,10,0,20
nine_tails,10,10,0,15,20,10,0,20
songstress,0,10,0,20,20,20,0,0
villager,10,10,0,10,10,20,10,0
